0.0466
0.0052
0.2651
0.2543
0.0134
0.0693
0.0424
0.0131
0.0078
0.0216
0.0440
0.3256
0.0076
0.0280
0.0146
0.0599
0.0193
0.0128
0.0347
0.0072
0.0298
0.0206
0.0931
0.0138
0.0690
0.0912
0.0445
0.0092
0.0088
0.0137
0.0148
0.0187
0.0645
0.0119
0.0979
0.0265
0.0237
0.0202
0.0679
0.1165
0.0132
0.0301
0.0739
0.0149
0.0169
0.1122
0.0036
0.0231
0.0174
0.0574
0.0915
0.0748
0.1181
0.0502
0.0107
0.6135
0.0106
0.0116
0.4247
0.0823
0.0218
0.0129
0.0107
0.0105
0.0188
0.0136
0.0101
0.2991
0.0232
0.0141
0.0112
0.1002
0.3061
0.0300
0.0524
0.0185
0.0136
0.0072
0.0139
0.0186
0.0146
0.0230
0.0182
0.0069
0.0264
0.0183
0.0538
0.0130
0.1026
0.0185
0.1595
0.0115
0.0283
0.0119
0.1431
0.0388
0.0089
0.1210
0.0451
0.0156
0.0318
0.0186
0.0130
0.0490
0.0121
0.0125
0.0259
0.0235
0.0160
0.0121
0.0237
0.0244
0.0115
0.0162
0.0214
0.0226
0.0260
0.0151
0.0106
0.0205
0.0184
0.0069
0.0099
0.0229
0.0648
0.0220
0.0160
0.0186
0.2163
0.0174
0.0144
0.0831
0.0239
0.0238
0.0130
0.0033
0.0202
0.0166
0.1157
0.0153
0.0251
0.2560
0.0363
0.1562
0.0174
0.0577
0.0092
0.0269
0.3053
0.0098
0.0594
0.1038
